91
HC_A1_ss1_S1	0	0.0864463	0.0839475	0.0791507	0.0774339	0.106139	0.0761852	0.0839104	0.109192	0.0961254	0.252872	0.267842	0.246904	0.0769877	0.0835872	0.119955	0.104023	0.0858385	0.0846728	0.0991578	0.0967827	0.08814	0.117066	0.10941	0.108512	0.0838332	0.0853378	0.0980224	0.111912	0.0849182	0.0687715	0.0970905	0.0796475	0.072482	0.0839923	0.0918391	0.082982	0.0845625	0.0847901	0.0972945	0.120584	0.0984387	0.103378	0.0820631	0.273596	0.0925783	0.110953	0.0885201	0.0881911	0.0822107	0.0986495	0.110694	0.25979	0.0918941	0.085031	0.0762204	0.0914886	0.0855592	0.0814539	0.0899334	0.214746	0.100712	0.0809985	0.0712164	0.0836308	0.0809274	0.087658	0.0957376	0.0804568	0.0780843	0.0816022	0.079384	0.0761012	0.0891365	0.086148	0.139359	0.0840072	0.0838863	0.0789002	0.0874321	0.0700682	0.0799632	0.07819	0.07447	0.0837582	0.0739549	0.082206	0.109453	0.093252	0.0915663	0.512467
HC_A1_ss2_S2	0.0864463	0	0.0589527	0.0641713	0.0562521	0.0696774	0.0716183	0.0495113	0.0627464	0.088541	0.262082	0.277732	0.25634	0.0678361	0.0685842	0.0697023	0.0710781	0.0626656	0.0825211	0.0723756	0.0756081	0.0752388	0.0931975	0.0736216	0.0686729	0.065345	0.0628544	0.0698304	0.0880956	0.0738439	0.0723475	0.0614062	0.0673226	0.0553208	0.0579437	0.0668374	0.0725373	0.0630146	0.0645146	0.0707492	0.105521	0.0856426	0.0951474	0.0678838	0.284506	0.0941014	0.0622472	0.0612536	0.102176	0.0812669	0.0665652	0.0753825	0.269586	0.0735647	0.0693684	0.0746035	0.0740118	0.0678709	0.0718975	0.0709309	0.220992	0.0534163	0.060447	0.0827484	0.0610348	0.0556548	0.0581921	0.0657309	0.0732979	0.0621671	0.056601	0.0696	0.0958307	0.0751766	0.0639713	0.113344	0.0836214	0.0703892	0.0753435	0.0834041	0.0734956	0.0722445	0.0604048	0.0608591	0.0619729	0.0716854	0.0668972	0.108323	0.0693635	0.0852077	0.540275
HC_A1_ss3_S3	0.0839475	0.0589527	0	0.060482	0.0620124	0.0817623	0.0652392	0.0543319	0.0736464	0.0875934	0.24651	0.262075	0.240329	0.0666043	0.065205	0.0801461	0.077409	0.0676745	0.0787956	0.0726771	0.0753271	0.0736099	0.0886999	0.0740726	0.0843456	0.0699719	0.062679	0.0744973	0.0870949	0.0802477	0.0630887	0.07304	0.0647099	0.058883	0.0562554	0.070514	0.0644861	0.0651813	0.0642515	0.0727196	0.104605	0.0891926	0.095379	0.058878	0.268014	0.0927291	0.0811462	0.0675231	0.103152	0.0784214	0.0703428	0.0824321	0.253826	0.0763062	0.0717826	0.0723915	0.0736547	0.0694116	0.0740764	0.0723664	0.205561	0.0730535	0.0560458	0.077441	0.0636777	0.0623583	0.061372	0.0675381	0.0660058	0.0590167	0.0593896	0.0614211	0.0923425	0.0701278	0.0651696	0.110418	0.0777108	0.0675678	0.0773769	0.0786141	0.0640323	0.0778894	0.0626061	0.063793	0.0688971	0.0697122	0.0705482	0.105789	0.068444	0.0857067	0.540413
HC_A1_ss4_S4	0.0791507	0.0641713	0.060482	0	0.0713618	0.0924782	0.0533777	0.0633743	0.0657201	0.0607881	0.230601	0.24596	0.224645	0.0827758	0.0561063	0.0867718	0.0870251	0.0689903	0.0651912	0.0608973	0.061305	0.0545111	0.0798671	0.0815123	0.0918737	0.0569532	0.0631858	0.0668151	0.0710667	0.0626012	0.0673636	0.0737017	0.0686668	0.0703665	0.0597128	0.0619269	0.0558521	0.0530853	0.0521858	0.0639942	0.0951187	0.0752623	0.0729594	0.0650822	0.252149	0.108387	0.0904203	0.054448	0.112379	0.0934381	0.0695558	0.0753789	0.23729	0.0686267	0.0627325	0.0696619	0.0619106	0.0659332	0.0643067	0.0684744	0.190325	0.0724319	0.0685594	0.0691043	0.0531385	0.0520178	0.0567653	0.0828223	0.052509	0.0491684	0.0563725	0.0505923	0.0918822	0.0565894	0.074753	0.0927477	0.0730561	0.0566536	0.074066	0.0624422	0.0595828	0.0631045	0.0669978	0.0620868	0.0685357	0.0741141	0.0740357	0.120623	0.0687787	0.0694407	0.538797
HC_A1_ss5_S5	0.0774339	0.0562521	0.0620124	0.0713618	0	0.0722035	0.0685707	0.0518456	0.0792293	0.0968008	0.26051	0.275651	0.254409	0.0649349	0.0652744	0.0876539	0.0882107	0.0777525	0.0874866	0.0872833	0.0811961	0.0798645	0.104047	0.0898435	0.085103	0.0808914	0.0737008	0.084609	0.099657	0.0855171	0.0686947	0.0787435	0.06778	0.0566581	0.0663196	0.0805482	0.0815162	0.0751077	0.0711316	0.0832927	0.11733	0.0987504	0.106737	0.066665	0.282073	0.0914279	0.0748949	0.0726549	0.0967714	0.0851477	0.0813461	0.0953731	0.2682	0.0847488	0.0820693	0.078581	0.085067	0.0784376	0.0813442	0.0811894	0.219895	0.0777668	0.0650593	0.0789541	0.0711374	0.0671605	0.0703061	0.0682537	0.0754625	0.0676031	0.0670749	0.0713051	0.093055	0.0805651	0.0709885	0.123256	0.0856194	0.0754698	0.0812315	0.0914528	0.0755142	0.0829267	0.0723495	0.071745	0.0731989	0.0769422	0.0754007	0.11503	0.0834423	0.094461	0.521564
HC_A2_ss1_S6	0.106139	0.0696774	0.0817623	0.0924782	0.0722035	0	0.0956575	0.0620446	0.0820857	0.120098	0.273716	0.288908	0.267328	0.0796966	0.0882691	0.0672221	0.0691495	0.0773829	0.0994172	0.102173	0.0941491	0.101985	0.107189	0.0756635	0.0546821	0.0876832	0.0897561	0.0966299	0.108833	0.0840898	0.0932441	0.0619196	0.0722718	0.0756248	0.0762134	0.0888289	0.0947008	0.0833261	0.0825667	0.0882105	0.111347	0.0981121	0.117887	0.0891621	0.295715	0.0998776	0.0702536	0.0810065	0.106609	0.0817294	0.0870656	0.0977378	0.281231	0.0945301	0.0881873	0.0905538	0.0923832	0.0850712	0.0901934	0.0855211	0.233097	0.0717753	0.0787105	0.103631	0.0862995	0.0792944	0.0851749	0.0699112	0.0949292	0.0827238	0.0771813	0.0919489	0.10367	0.0958963	0.0747973	0.128088	0.0931593	0.0881317	0.0886499	0.102171	0.0855839	0.0886537	0.073203	0.0799084	0.072759	0.0827014	0.0785775	0.105564	0.0810089	0.0986101	0.524443
HC_A2_ss2_S7	0.0761852	0.0716183	0.0652392	0.0533777	0.0685707	0.0956575	0	0.0672315	0.0726954	0.0620454	0.22901	0.244778	0.223238	0.0814039	0.0566291	0.0956072	0.0925951	0.0749014	0.0647173	0.0627477	0.0582048	0.054822	0.0810447	0.0882855	0.100175	0.0636993	0.0728507	0.0678555	0.0760023	0.0720971	0.0705948	0.0805715	0.0738359	0.0685767	0.0585745	0.0664856	0.0583834	0.0589129	0.0558865	0.0671674	0.103707	0.0846107	0.0829873	0.066049	0.250793	0.112179	0.0977846	0.0634756	0.11517	0.0987809	0.0749832	0.0806393	0.236287	0.0739708	0.0716686	0.0762218	0.0726155	0.0737374	0.0721755	0.0753942	0.189274	0.0777595	0.0757421	0.0713376	0.0583189	0.0584097	0.0618697	0.0811033	0.0580986	0.0557438	0.061061	0.0544465	0.0938325	0.0621379	0.0812669	0.10012	0.0762565	0.0621707	0.080079	0.0702098	0.0669701	0.067988	0.0729587	0.0705659	0.0749428	0.0770599	0.0783272	0.121886	0.0790488	0.0795892	0.536259
HC_A2_ss3_S8	0.0839104	0.0495113	0.0543319	0.0633743	0.0518456	0.0620446	0.0672315	0	0.0686978	0.0929343	0.257627	0.273356	0.252255	0.0601048	0.0598555	0.0694664	0.0716432	0.0643027	0.0749464	0.0790788	0.0740006	0.0751	0.0963797	0.0746445	0.073682	0.0687463	0.0635272	0.0793371	0.0931422	0.0763077	0.0644118	0.0641203	0.0596124	0.0530104	0.0550278	0.07346	0.0732598	0.064946	0.0645764	0.0759012	0.110038	0.0896482	0.100039	0.06454	0.27983	0.0871034	0.0657408	0.0612841	0.0949388	0.0726938	0.0674344	0.084372	0.264836	0.076586	0.0692057	0.0710856	0.074723	0.0672141	0.0713756	0.0682167	0.217123	0.0594307	0.0562096	0.0763483	0.0602499	0.0586089	0.0600639	0.0589293	0.0690437	0.0583579	0.0581109	0.0657764	0.0883525	0.0732021	0.0541681	0.118339	0.0779643	0.0687326	0.0736064	0.0816694	0.0674315	0.0715779	0.0595966	0.0618776	0.0628666	0.0682284	0.0653629	0.105768	0.0671975	0.0838222	0.528118
HC_A2_ss4_S9	0.109192	0.0627464	0.0736464	0.0657201	0.0792293	0.0820857	0.0726954	0.0686978	0	0.0835075	0.241783	0.256417	0.237744	0.0981574	0.0669967	0.0653343	0.0785842	0.0743273	0.0818585	0.0628362	0.0627314	0.0689419	0.072497	0.0761798	0.0774851	0.064914	0.0725312	0.0597382	0.0679587	0.0744929	0.0886297	0.0635372	0.0826557	0.0793419	0.0659303	0.0581435	0.0703016	0.0573003	0.0605868	0.0536367	0.0891785	0.0790662	0.0848313	0.077596	0.264545	0.122264	0.0795233	0.0605559	0.13211	0.111057	0.0598647	0.0604787	0.24905	0.0702099	0.070015	0.0838408	0.0699904	0.0747456	0.0756892	0.0720832	0.20248	0.0565658	0.0795367	0.0948365	0.0581877	0.0569431	0.0569711	0.0826759	0.0721354	0.0648444	0.0618896	0.0680125	0.114493	0.0721325	0.0822983	0.0851879	0.0875327	0.0678015	0.0874423	0.0821102	0.07865	0.075906	0.0769508	0.0730581	0.07685	0.0889885	0.0888444	0.132339	0.0723067	0.0801508	0.543884
HC_A2_ss5_S10	0.0961254	0.088541	0.0875934	0.0607881	0.0968008	0.120098	0.0620454	0.0929343	0.0835075	0	0.204187	0.219084	0.198888	0.109858	0.0756842	0.108678	0.107143	0.0893936	0.0780696	0.0618239	0.0698666	0.0652136	0.0784963	0.0972393	0.114896	0.0722972	0.0819913	0.0736218	0.0691156	0.0804274	0.0901414	0.0936125	0.0958762	0.0955779	0.0836869	0.0726736	0.062702	0.0714246	0.0722534	0.0726178	0.0950319	0.0811959	0.0657896	0.0801938	0.225399	0.137754	0.113793	0.0801848	0.135145	0.120476	0.0869469	0.0844369	0.210961	0.0782098	0.0735709	0.0912329	0.0725783	0.0829767	0.0806139	0.0828759	0.166043	0.0920861	0.096877	0.0917495	0.0723241	0.0733266	0.0765189	0.107423	0.0675382	0.0710224	0.0771772	0.0673447	0.112801	0.0683408	0.105727	0.0885175	0.0913439	0.0719022	0.092817	0.0679582	0.0837372	0.0790785	0.0903906	0.0797518	0.0885058	0.0899376	0.0952103	0.143878	0.0888323	0.078841	0.549879
HC_A3_ss1_S11	0.252872	0.262082	0.24651	0.230601	0.26051	0.273716	0.22901	0.257627	0.241783	0.204187	0	0.0333897	0.0361142	0.267016	0.229913	0.259058	0.255312	0.246408	0.225446	0.221594	0.222688	0.222759	0.220327	0.244531	0.269089	0.230352	0.243782	0.228001	0.215536	0.238452	0.248678	0.247242	0.25178	0.260311	0.244875	0.22882	0.220964	0.233105	0.23259	0.228169	0.230403	0.227534	0.209164	0.243043	0.0407836	0.293112	0.272852	0.23653	0.282328	0.275911	0.240709	0.234465	0.0309696	0.225723	0.231288	0.238427	0.225212	0.237572	0.231744	0.231372	0.0589646	0.255697	0.255275	0.243988	0.235353	0.240278	0.235456	0.263295	0.226772	0.233567	0.23921	0.226741	0.249806	0.224713	0.26606	0.211619	0.240069	0.230433	0.239391	0.217985	0.239896	0.233444	0.24704	0.239733	0.247021	0.241897	0.249072	0.284786	0.243938	0.226985	0.574088
HC_A3_ss2_S12	0.267842	0.277732	0.262075	0.24596	0.275651	0.288908	0.244778	0.273356	0.256417	0.219084	0.0333897	0	0.0442399	0.282731	0.245192	0.274492	0.270412	0.261969	0.240395	0.237318	0.237585	0.237652	0.233725	0.259709	0.284853	0.246532	0.259497	0.243133	0.229721	0.254201	0.26351	0.263202	0.26768	0.275541	0.260785	0.24453	0.236402	0.248583	0.247645	0.243812	0.243549	0.24215	0.223979	0.258774	0.034905	0.307768	0.288337	0.252262	0.296636	0.291249	0.255816	0.248541	0.0316099	0.239884	0.246302	0.252952	0.239882	0.252262	0.246535	0.245922	0.0716233	0.271299	0.271669	0.259134	0.250466	0.256016	0.250566	0.27927	0.241543	0.249275	0.254376	0.241687	0.265167	0.240466	0.282018	0.224634	0.255364	0.246247	0.254868	0.232969	0.254314	0.248915	0.262067	0.25532	0.261827	0.256822	0.263715	0.299572	0.259275	0.24143	0.576373
HC_A3_ss3_S13	0.246904	0.25634	0.240329	0.224645	0.254409	0.267328	0.223238	0.252255	0.237744	0.198888	0.0361142	0.0442399	0	0.25981	0.223904	0.255033	0.250692	0.241535	0.220001	0.216011	0.217206	0.21759	0.217237	0.239811	0.264684	0.224899	0.238844	0.22309	0.211903	0.233203	0.242124	0.242954	0.2463	0.253636	0.239268	0.223831	0.215471	0.227443	0.226866	0.223605	0.227348	0.223675	0.2061	0.237095	0.0464723	0.285352	0.267472	0.231165	0.275825	0.269543	0.236776	0.230744	0.0355048	0.219926	0.226148	0.232585	0.220282	0.231631	0.226418	0.22596	0.0538377	0.250243	0.248945	0.237371	0.230062	0.235141	0.229933	0.257218	0.221203	0.228065	0.233826	0.221194	0.245189	0.219603	0.260257	0.209192	0.234312	0.225257	0.233658	0.21178	0.233549	0.228341	0.241572	0.23417	0.241192	0.235793	0.242951	0.278682	0.238528	0.222624	0.570726
HC_A3_ss4_S14	0.0769877	0.0678361	0.0666043	0.0827758	0.0649349	0.0796966	0.0814039	0.0601048	0.0981574	0.109858	0.267016	0.282731	0.25981	0	0.074419	0.0959495	0.0913713	0.0758862	0.0933027	0.0980032	0.09893	0.0965556	0.11948	0.0964201	0.0901455	0.0906072	0.0834098	0.101222	0.116904	0.0891205	0.0665592	0.0846708	0.0679405	0.0611192	0.0695588	0.0969359	0.0928706	0.0881107	0.0851263	0.101298	0.132063	0.109149	0.117414	0.0783013	0.28796	0.070158	0.0778798	0.0805962	0.0869409	0.0693832	0.0961831	0.106939	0.273695	0.0965491	0.0892991	0.0795159	0.0981448	0.0853699	0.08943	0.0881379	0.226001	0.0831976	0.0594476	0.0723212	0.0838036	0.0833643	0.08453	0.0611846	0.0863192	0.0777273	0.0782733	0.084754	0.0858085	0.0934034	0.0608604	0.141331	0.0873504	0.0845757	0.0830303	0.0939995	0.0755054	0.0865926	0.0754163	0.0804035	0.0805677	0.0756589	0.0793195	0.102628	0.0884054	0.0988394	0.523958
HC_A3_ss5_S15	0.0835872	0.0685842	0.065205	0.0561063	0.0652744	0.0882691	0.0566291	0.0598555	0.0669967	0.0756842	0.229913	0.245192	0.223904	0.074419	0	0.0848821	0.0856342	0.0673434	0.0663533	0.0711909	0.0708541	0.0676153	0.0884618	0.0829546	0.0923976	0.0704916	0.0711776	0.0736018	0.0872585	0.0713805	0.0705931	0.073955	0.0668023	0.070772	0.0562121	0.0710625	0.0630735	0.0640684	0.0558192	0.0711539	0.105976	0.0866811	0.0859265	0.0574892	0.251553	0.103952	0.0810992	0.0548738	0.107379	0.0947985	0.0747843	0.0811358	0.237621	0.0735015	0.0681792	0.0726017	0.0717828	0.0671754	0.067077	0.0710017	0.189652	0.0729941	0.071036	0.0690814	0.0609638	0.0613798	0.0621707	0.072982	0.056709	0.0548049	0.059887	0.0607325	0.0875183	0.0629106	0.0695298	0.103337	0.069692	0.0610365	0.066378	0.0692325	0.0658983	0.0658283	0.070369	0.065339	0.068485	0.0687971	0.0734203	0.122843	0.0707612	0.0734333	0.533198
HC_B1_ss1_S16	0.119955	0.0697023	0.0801461	0.0867718	0.0876539	0.0672221	0.0956072	0.0694664	0.0653343	0.108678	0.259058	0.274492	0.255033	0.0959495	0.0848821	0	0.0536103	0.0704649	0.0966655	0.0884582	0.0873709	0.0988252	0.0852143	0.0644378	0.0564254	0.0795638	0.0795763	0.0840035	0.0898066	0.0826395	0.0971861	0.0583979	0.0752069	0.0833913	0.0747145	0.0777512	0.0882199	0.0740532	0.0779339	0.0738193	0.09093	0.0805098	0.0979494	0.0804041	0.282411	0.113657	0.0725229	0.0731307	0.124421	0.100014	0.0703262	0.077847	0.266687	0.0854381	0.0805655	0.0942362	0.0833451	0.0780851	0.085995	0.0799856	0.221022	0.0681142	0.0854571	0.107998	0.0807789	0.0738477	0.0782167	0.0760463	0.092733	0.0801601	0.0773287	0.0875033	0.110544	0.0859659	0.0839364	0.106267	0.08845	0.08253	0.085747	0.0967476	0.0884311	0.0844216	0.0766413	0.0792074	0.0732418	0.0885505	0.0815116	0.117313	0.0689172	0.085253	0.544425
HC_B1_ss2_S17	0.104023	0.0710781	0.077409	0.0870251	0.0882107	0.0691495	0.0925951	0.0716432	0.0785842	0.107143	0.255312	0.270412	0.250692	0.0913713	0.0856342	0.0536103	0	0.0612123	0.0944877	0.0872781	0.0897085	0.098623	0.0879734	0.0646561	0.0556735	0.0747128	0.0733036	0.0837369	0.0917673	0.0781057	0.0890059	0.0600796	0.0725212	0.0796275	0.0770996	0.0745036	0.082874	0.0732801	0.0766	0.0760384	0.0835993	0.0714583	0.0952537	0.0827655	0.278342	0.110634	0.0786993	0.0766117	0.108462	0.084235	0.0702716	0.0806055	0.262583	0.0796937	0.0741959	0.0824551	0.0796047	0.0713645	0.0797174	0.0745082	0.216672	0.0704954	0.0808482	0.105061	0.0809273	0.0733356	0.0769681	0.0826445	0.0918036	0.0775858	0.0726779	0.0846051	0.100329	0.0852231	0.0860294	0.114147	0.0825711	0.0808298	0.0822185	0.0905587	0.0786541	0.075987	0.0634119	0.0683403	0.0635031	0.0746365	0.0711042	0.101137	0.066833	0.0765478	0.541767
HC_B1_ss3_S18	0.0858385	0.0626656	0.0676745	0.0689903	0.0777525	0.0773829	0.0749014	0.0643027	0.0743273	0.0893936	0.246408	0.261969	0.241535	0.0758862	0.0673434	0.0704649	0.0612123	0	0.0768804	0.0767515	0.0790391	0.0791515	0.0838587	0.0679902	0.0681072	0.0591049	0.0668887	0.075197	0.0848759	0.0661915	0.0724666	0.0619979	0.0645008	0.0702575	0.0658481	0.0675683	0.0662597	0.062884	0.0593811	0.0713889	0.0947349	0.0729807	0.0868149	0.0668582	0.269261	0.102098	0.078786	0.0632215	0.0993385	0.0810811	0.064879	0.0725719	0.253536	0.0674351	0.059814	0.063259	0.0667769	0.0567455	0.0628942	0.0621794	0.207531	0.0668468	0.0748561	0.0839079	0.0651829	0.0630984	0.0652167	0.0806203	0.068565	0.0609918	0.0605225	0.0680441	0.0886134	0.0747631	0.0705276	0.107607	0.0717091	0.0678933	0.0716228	0.074204	0.0642163	0.0639703	0.0522464	0.055429	0.0522928	0.064143	0.0626597	0.101856	0.0625485	0.0705898	0.538205
HC_B1_ss4_S19	0.0846728	0.0825211	0.0787956	0.0651912	0.0874866	0.0994172	0.0647173	0.0749464	0.0818585	0.0780696	0.225446	0.240395	0.220001	0.0933027	0.0663533	0.0966655	0.0944877	0.0768804	0	0.0790986	0.0674423	0.0695221	0.0823262	0.0857718	0.0983352	0.0657863	0.0824098	0.0777679	0.0793474	0.0676455	0.0759598	0.080066	0.0735525	0.0813915	0.0672145	0.0693355	0.0591475	0.0644419	0.0604998	0.0718907	0.0960408	0.078599	0.0762141	0.0731675	0.247776	0.120558	0.103886	0.0646288	0.114746	0.104776	0.0738517	0.0804756	0.232513	0.0697084	0.0680305	0.0731273	0.0647957	0.0692501	0.0605599	0.0672125	0.187213	0.0868977	0.090018	0.0773773	0.0648595	0.0667258	0.070622	0.0941566	0.0605347	0.0633655	0.0696831	0.0612253	0.0911797	0.0595014	0.0847463	0.101246	0.0694833	0.0637126	0.0721028	0.0597404	0.0667097	0.0663305	0.0721278	0.0666209	0.0694858	0.0741095	0.0729053	0.119257	0.0705914	0.0694022	0.526854
HC_B1_ss5_S20	0.0991578	0.0723756	0.0726771	0.0608973	0.0872833	0.102173	0.0627477	0.0790788	0.0628362	0.0618239	0.221594	0.237318	0.216011	0.0980032	0.0711909	0.0884582	0.0872781	0.0767515	0.0790986	0	0.0570082	0.0587657	0.0657103	0.079852	0.0933709	0.0587431	0.0696062	0.0561111	0.0592923	0.0735874	0.088826	0.0797789	0.0901111	0.0851942	0.0743104	0.0509034	0.0574742	0.0547792	0.0643108	0.0522873	0.0864747	0.0728189	0.0731064	0.0782614	0.24378	0.127527	0.0981915	0.0646131	0.131677	0.108548	0.0706035	0.0646212	0.228438	0.0681759	0.0693517	0.0809123	0.0689765	0.0747128	0.0772797	0.0740943	0.181458	0.0734163	0.0798102	0.0918071	0.0611206	0.0612235	0.0563456	0.092665	0.0686849	0.0613034	0.0606026	0.0613589	0.113289	0.0647735	0.0926826	0.0842995	0.0898018	0.067267	0.0900563	0.0732344	0.0773848	0.0747915	0.0791045	0.0729567	0.0805819	0.0855187	0.0889036	0.13167	0.0784658	0.0788222	0.553142
HC_B2_ss1_S21	0.0967827	0.0756081	0.0753271	0.061305	0.0811961	0.0941491	0.0582048	0.0740006	0.0627314	0.0698666	0.222688	0.237585	0.217206	0.09893	0.0708541	0.0873709	0.0897085	0.0790391	0.0674423	0.0570082	0	0.0461734	0.0701533	0.0815225	0.095293	0.0490324	0.0770939	0.0547343	0.0573853	0.069021	0.0856041	0.0757628	0.0794834	0.0793447	0.0712457	0.0532983	0.0548835	0.0517555	0.0542596	0.0521518	0.0923122	0.077463	0.0728874	0.0759614	0.244293	0.125851	0.0959296	0.060327	0.130503	0.113555	0.0656246	0.0639835	0.229548	0.0644035	0.0693411	0.0765252	0.0664395	0.072359	0.0705423	0.0667517	0.184897	0.0761436	0.0852752	0.0863245	0.0560959	0.0539005	0.0570416	0.0913642	0.0589146	0.0562146	0.0587794	0.0541179	0.110138	0.0613635	0.0902596	0.0870102	0.0867787	0.062948	0.0836882	0.0678147	0.0727927	0.0690535	0.0745709	0.0676643	0.075776	0.0820763	0.0825946	0.130859	0.0765095	0.0766363	0.535411
HC_B2_ss2_S22	0.08814	0.0752388	0.0736099	0.0545111	0.0798645	0.101985	0.054822	0.0751	0.0689419	0.0652136	0.222759	0.237652	0.21759	0.0965556	0.0676153	0.0988252	0.098623	0.0791515	0.0695221	0.0587657	0.0461734	0	0.078888	0.0906441	0.103556	0.0549018	0.073489	0.0580826	0.0652518	0.072109	0.0817107	0.0857072	0.0807024	0.0819421	0.0705265	0.0583997	0.0568531	0.0552924	0.0574407	0.0580435	0.101764	0.0846018	0.0751181	0.0771514	0.244789	0.122683	0.0984563	0.0638261	0.124585	0.108275	0.0728284	0.0729178	0.230255	0.0682092	0.0711662	0.0750654	0.0717551	0.0763777	0.0715676	0.0744683	0.184393	0.0802632	0.081839	0.0809377	0.0522546	0.0536273	0.0552052	0.095378	0.0511676	0.0543007	0.0547415	0.0504483	0.106644	0.0616758	0.0848481	0.0948806	0.0863452	0.0680209	0.0859056	0.0673009	0.0730989	0.0718131	0.0754209	0.0705379	0.0801027	0.0809384	0.0854714	0.129964	0.0807347	0.0798275	0.536383
HC_B2_ss3_S23	0.117066	0.0931975	0.0886999	0.0798671	0.104047	0.107189	0.0810447	0.0963797	0.072497	0.0784963	0.220327	0.233725	0.217237	0.11948	0.0884618	0.0852143	0.0879734	0.0838587	0.0823262	0.0657103	0.0701533	0.078888	0	0.0754653	0.0922141	0.0685478	0.0857002	0.065162	0.0549846	0.0797374	0.100257	0.0811835	0.0952708	0.102467	0.0890565	0.0628789	0.0670188	0.0671302	0.0719343	0.0590303	0.0716319	0.0654262	0.0760434	0.0900402	0.24311	0.145426	0.109956	0.0779836	0.143115	0.123855	0.0685704	0.0590239	0.226965	0.0675963	0.0735185	0.0885462	0.0666925	0.0755427	0.0787465	0.0691561	0.183965	0.0847027	0.105609	0.111544	0.0755303	0.0750581	0.0749874	0.108069	0.080111	0.0755593	0.0745629	0.0730087	0.121012	0.0727685	0.106142	0.079348	0.0938624	0.0769687	0.0967651	0.0811177	0.0865763	0.080515	0.0860778	0.0799547	0.0831299	0.0925281	0.0952961	0.136614	0.0793722	0.0818872	0.557828
HC_B2_ss4_S24	0.10941	0.0736216	0.0740726	0.0815123	0.0898435	0.0756635	0.0882855	0.0746445	0.0761798	0.0972393	0.244531	0.259709	0.239811	0.0964201	0.0829546	0.0644378	0.0646561	0.0679902	0.0857718	0.079852	0.0815225	0.0906441	0.0754653	0	0.0656433	0.0709114	0.0728634	0.0736382	0.0830987	0.0838489	0.0875988	0.0606575	0.0781424	0.0822254	0.0722758	0.0679113	0.073622	0.0663661	0.0698666	0.0685566	0.0868972	0.0752153	0.0916148	0.0810172	0.266579	0.120615	0.0888194	0.076084	0.119177	0.0955717	0.0651715	0.0728726	0.252036	0.0704247	0.0685998	0.0823603	0.0689571	0.0653023	0.0761296	0.069067	0.206471	0.0723559	0.0845668	0.104119	0.0752262	0.0702971	0.070185	0.086302	0.0812043	0.0709125	0.0665358	0.0757336	0.106677	0.0799059	0.0878633	0.10583	0.090799	0.0779014	0.0868162	0.0861939	0.081899	0.0816672	0.0657751	0.068943	0.0635882	0.077595	0.0735066	0.111161	0.0690092	0.0855496	0.545433
HC_B2_ss5_S25	0.108512	0.0686729	0.0843456	0.0918737	0.085103	0.0546821	0.100175	0.073682	0.0774851	0.114896	0.269089	0.284853	0.264684	0.0901455	0.0923976	0.0564254	0.0556735	0.0681072	0.0983352	0.0933709	0.095293	0.103556	0.0922141	0.0656433	0	0.0788215	0.0818545	0.0852986	0.0962891	0.0771052	0.0941307	0.0510456	0.0689216	0.080622	0.0747728	0.0771621	0.0872458	0.0741666	0.0775843	0.0746495	0.0947275	0.0816672	0.104322	0.0864497	0.291961	0.105403	0.069314	0.0805828	0.108432	0.0845634	0.0728073	0.082673	0.276696	0.0836323	0.0779019	0.0873821	0.0848267	0.0752964	0.0834798	0.0756784	0.230618	0.0667238	0.0873658	0.109553	0.0843737	0.0763353	0.0811421	0.0790974	0.095154	0.0832928	0.0752941	0.0897312	0.103992	0.0908639	0.0811987	0.117367	0.0884335	0.0840967	0.0843343	0.0982096	0.0849532	0.082768	0.067391	0.0723795	0.0634132	0.0789709	0.0734165	0.101293	0.0721909	0.0874481	0.535045
HC_B3_ss1_S26	0.0838332	0.065345	0.0699719	0.0569532	0.0808914	0.0876832	0.0636993	0.0687463	0.064914	0.0722972	0.230352	0.246532	0.224899	0.0906072	0.0704916	0.0795638	0.0747128	0.0591049	0.0657863	0.0587431	0.0490324	0.0549018	0.0685478	0.0709114	0.0788215	0	0.0649553	0.0522141	0.0624475	0.0560315	0.07416	0.0654788	0.0673945	0.0729575	0.0666955	0.0462937	0.0470165	0.0418021	0.0495284	0.0491481	0.0804806	0.0610879	0.0688182	0.0720636	0.253071	0.113973	0.0848015	0.0558178	0.109612	0.0930597	0.0562175	0.0598104	0.23801	0.0520071	0.0527605	0.0601054	0.0543126	0.0550687	0.0533957	0.0542073	0.19118	0.0680826	0.075835	0.0803146	0.0493239	0.044869	0.0516878	0.0870774	0.0576744	0.0467118	0.0500059	0.0490814	0.095123	0.0594254	0.078974	0.0944961	0.0721211	0.0555902	0.0693861	0.0595466	0.0575827	0.0530092	0.0567885	0.0503071	0.0597426	0.0637593	0.0671116	0.109589	0.0646156	0.0634191	0.537506
HC_B3_ss2_S27	0.0853378	0.0628544	0.062679	0.0631858	0.0737008	0.0897561	0.0728507	0.0635272	0.0725312	0.0819913	0.243782	0.259497	0.238844	0.0834098	0.0711776	0.0795763	0.0733036	0.0668887	0.0824098	0.0696062	0.0770939	0.073489	0.0857002	0.0728634	0.0818545	0.0649553	0	0.0713115	0.0848785	0.0813358	0.0731129	0.069915	0.0706328	0.069296	0.0672804	0.0673646	0.0683497	0.0620013	0.0661712	0.0676307	0.0977529	0.0818303	0.0829326	0.0646348	0.266051	0.104027	0.0834083	0.0729482	0.104708	0.0806499	0.0689641	0.0788505	0.251041	0.074103	0.0661684	0.0759318	0.0731452	0.0672824	0.0735352	0.0731413	0.205019	0.0725704	0.0681125	0.0893255	0.0646795	0.0620459	0.0612496	0.0851208	0.0705874	0.0621611	0.0587363	0.0658393	0.0928087	0.0725927	0.0768377	0.111587	0.0826923	0.0748495	0.0760193	0.0826391	0.0720652	0.0742576	0.064944	0.063337	0.0695228	0.0681908	0.0744402	0.11179	0.0688933	0.0762964	0.541102
HC_B3_ss3_S28	0.0980224	0.0698304	0.0744973	0.0668151	0.084609	0.0966299	0.0678555	0.0793371	0.0597382	0.0736218	0.228001	0.243133	0.22309	0.101222	0.0736018	0.0840035	0.0837369	0.075197	0.0777679	0.0561111	0.0547343	0.0580826	0.065162	0.0736382	0.0852986	0.0522141	0.0713115	0	0.0562633	0.0734718	0.081348	0.0736467	0.0831219	0.0846164	0.07364	0.0480251	0.056773	0.05422	0.0577924	0.0395801	0.0840349	0.0696001	0.0759183	0.0782054	0.250071	0.12581	0.0906012	0.0620544	0.128341	0.108599	0.0574067	0.0515369	0.235038	0.0562537	0.0588317	0.0717948	0.0591452	0.0668226	0.0674787	0.0600236	0.190492	0.0646185	0.0814175	0.092852	0.0532291	0.0504688	0.0503854	0.0914873	0.0656822	0.0586254	0.0529864	0.0546588	0.114823	0.0621555	0.0906783	0.0930896	0.0879664	0.0664976	0.0859457	0.0745364	0.0726772	0.071143	0.0712187	0.0653943	0.0737891	0.0788168	0.0836752	0.125093	0.0746837	0.0762009	0.550278
HC_B3_ss4_S29	0.111912	0.0880956	0.0870949	0.0710667	0.099657	0.108833	0.0760023	0.0931422	0.0679587	0.0691156	0.215536	0.229721	0.211903	0.116904	0.0872585	0.0898066	0.0917673	0.0848759	0.0793474	0.0592923	0.0573853	0.0652518	0.0549846	0.0830987	0.0962891	0.0624475	0.0848785	0.0562633	0	0.0758797	0.0955944	0.0828403	0.0945514	0.0985959	0.0874765	0.0564677	0.0651331	0.0626696	0.0690224	0.0550061	0.0753803	0.0678961	0.0660994	0.0893596	0.238056	0.140849	0.10711	0.0682761	0.14375	0.125852	0.0630111	0.0545375	0.222362	0.0639772	0.0694324	0.0802832	0.0596451	0.0752329	0.0743282	0.066914	0.180547	0.0812295	0.100304	0.102768	0.0675587	0.0659105	0.0682079	0.106888	0.0722693	0.0699804	0.0683579	0.0678234	0.124285	0.0632924	0.102835	0.0704716	0.0933874	0.0729122	0.0952796	0.0732348	0.0813745	0.0775548	0.08147	0.0763469	0.0842616	0.0908376	0.0937873	0.137546	0.08134	0.077092	0.553206
HC_B3_ss5_S30	0.0849182	0.0738439	0.0802477	0.0626012	0.0855171	0.0840898	0.0720971	0.0763077	0.0744929	0.0804274	0.238452	0.254201	0.233203	0.0891205	0.0713805	0.0826395	0.0781057	0.0661915	0.0676455	0.0735874	0.069021	0.072109	0.0797374	0.0838489	0.0771052	0.0560315	0.0813358	0.0734718	0.0758797	0	0.0805823	0.0690428	0.0597015	0.0801603	0.0708462	0.066083	0.0597225	0.0581533	0.0574164	0.0680515	0.0909245	0.0689815	0.0729594	0.0694638	0.261071	0.106301	0.0813329	0.0618446	0.107635	0.0958746	0.0729536	0.0743966	0.245701	0.0656765	0.0639388	0.0625854	0.0624836	0.0651462	0.0574604	0.0654636	0.199465	0.0787521	0.0861895	0.080418	0.063932	0.0638738	0.0722872	0.0866945	0.0652749	0.0615848	0.0682461	0.0645937	0.0853034	0.0623097	0.071044	0.0905596	0.0626934	0.0579326	0.05994	0.0575566	0.0603531	0.0508477	0.0603957	0.057743	0.0657194	0.0627733	0.0681595	0.105621	0.0672397	0.0577923	0.526907
HC_C1_ss1_S31	0.0687715	0.0723475	0.0630887	0.0673636	0.0686947	0.0932441	0.0705948	0.0644118	0.0886297	0.0901414	0.248678	0.26351	0.242124	0.0665592	0.0705931	0.0971861	0.0890059	0.0724666	0.0759598	0.088826	0.0856041	0.0817107	0.100257	0.0875988	0.0941307	0.07416	0.0731129	0.081348	0.0955944	0.0805823	0	0.0806694	0.0640761	0.0573237	0.0648906	0.0815553	0.0721297	0.0707842	0.0687632	0.0833701	0.110281	0.0881145	0.0956232	0.0650966	0.269405	0.0873659	0.0934349	0.0736125	0.0930815	0.0754751	0.0716201	0.0859516	0.25516	0.0722438	0.0625434	0.0608599	0.0675066	0.0621207	0.0628106	0.067541	0.208145	0.0814861	0.0653444	0.0634069	0.0626327	0.0647464	0.0665202	0.0769319	0.0634875	0.0609532	0.0641189	0.0603192	0.0839662	0.0680147	0.0669364	0.124884	0.0710823	0.0675434	0.0696859	0.0747586	0.0569901	0.0710642	0.06121	0.0604988	0.0643826	0.0646429	0.0641434	0.101634	0.0671745	0.0806641	0.527611
HC_C1_ss2_S32	0.0970905	0.0614062	0.07304	0.0737017	0.0787435	0.0619196	0.0805715	0.0641203	0.0635372	0.0936125	0.247242	0.263202	0.242954	0.0846708	0.073955	0.0583979	0.0600796	0.0619979	0.080066	0.0797789	0.0757628	0.0857072	0.0811835	0.0606575	0.0510456	0.0654788	0.069915	0.0736467	0.0828403	0.0690428	0.0806694	0	0.0631645	0.0722339	0.0615278	0.065383	0.0707481	0.0600838	0.0615155	0.0623382	0.0870959	0.0735817	0.088846	0.076133	0.270056	0.110476	0.0726872	0.0649477	0.107068	0.0833839	0.0637248	0.0743969	0.255616	0.0692622	0.0624237	0.0755341	0.0669195	0.0663867	0.0694376	0.061418	0.208301	0.056155	0.0755551	0.090915	0.0658619	0.0606653	0.066185	0.0750842	0.0754148	0.063584	0.0593701	0.0702735	0.0974409	0.0707211	0.0750399	0.104974	0.0790118	0.0693144	0.0747925	0.0794509	0.0686905	0.0686572	0.0569385	0.0596191	0.0587396	0.0703687	0.0649948	0.107836	0.0603672	0.0743429	0.534689
HC_C1_ss3_S33	0.0796475	0.0673226	0.0647099	0.0686668	0.06778	0.0722718	0.0738359	0.0596124	0.0826557	0.0958762	0.25178	0.26768	0.2463	0.0679405	0.0668023	0.0752069	0.0725212	0.0645008	0.0735525	0.0901111	0.0794834	0.0807024	0.0952708	0.0781424	0.0689216	0.0673945	0.0706328	0.0831219	0.0945514	0.0597015	0.0640761	0.0631645	0	0.0646123	0.059637	0.0794951	0.0697502	0.0666695	0.0602885	0.0790685	0.102775	0.0826681	0.0891343	0.0572553	0.27376	0.0852846	0.0693534	0.0624075	0.0896752	0.0778228	0.0732781	0.0843734	0.259564	0.0737759	0.0684667	0.0627635	0.0716999	0.0633641	0.0621754	0.0689478	0.212525	0.0801557	0.0699423	0.0713291	0.0679137	0.0632883	0.0706914	0.0676087	0.0644564	0.0619823	0.0670418	0.0637764	0.0720329	0.0691688	0.0594662	0.115685	0.0599463	0.0637953	0.0552437	0.072995	0.0570276	0.0605225	0.0547348	0.0559656	0.057161	0.0524438	0.0563539	0.0943465	0.0624132	0.0691015	0.521722
HC_C1_ss4_S34	0.072482	0.0553208	0.058883	0.0703665	0.0566581	0.0756248	0.0685767	0.0530104	0.0793419	0.0955779	0.260311	0.275541	0.253636	0.0611192	0.070772	0.0833913	0.0796275	0.0702575	0.0813915	0.0851942	0.0793447	0.0819421	0.102467	0.0822254	0.080622	0.0729575	0.069296	0.0846164	0.0985959	0.0801603	0.0573237	0.0722339	0.0646123	0	0.0555202	0.079335	0.0743566	0.0678191	0.0677286	0.0810625	0.112345	0.0921862	0.100068	0.0651241	0.281243	0.0774566	0.0744822	0.0693496	0.0943346	0.0779625	0.0756664	0.0898575	0.267454	0.0772259	0.0732838	0.0741236	0.0771093	0.0709561	0.0753138	0.0737629	0.219133	0.0738687	0.0602025	0.0656739	0.0663724	0.0624246	0.0659643	0.0644039	0.0736009	0.0633772	0.0637714	0.0682339	0.0875947	0.0768526	0.0652596	0.124391	0.0756277	0.0686361	0.0735604	0.081359	0.064397	0.0747035	0.0628482	0.0624183	0.0628269	0.0687351	0.0634287	0.101731	0.0731954	0.0849857	0.522709
HC_C1_ss5_S35	0.0839923	0.0579437	0.0562554	0.0597128	0.0663196	0.0762134	0.0585745	0.0550278	0.0659303	0.0836869	0.244875	0.260785	0.239268	0.0695588	0.0562121	0.0747145	0.0770996	0.0658481	0.0672145	0.0743104	0.0712457	0.0705265	0.0890565	0.0722758	0.0747728	0.0666955	0.0672804	0.07364	0.0874765	0.0708462	0.0648906	0.0615278	0.059637	0.0555202	0	0.0679772	0.0653568	0.0578983	0.0545069	0.0694647	0.102348	0.0836362	0.0869599	0.0592817	0.267063	0.0960172	0.078151	0.0569155	0.104243	0.083706	0.0642613	0.0768386	0.252408	0.0699259	0.0624597	0.0680075	0.0689934	0.0645526	0.0643224	0.0654349	0.203763	0.0644611	0.0637216	0.0727027	0.0582103	0.0574444	0.0600221	0.0662094	0.0629778	0.0561135	0.0576889	0.0593981	0.0902008	0.0645473	0.0629138	0.108053	0.067937	0.0592842	0.0670255	0.0721775	0.0631588	0.0665554	0.06194	0.0625232	0.0610602	0.0690023	0.0651129	0.107473	0.0646748	0.0750538	0.535108
HC_C2_ss1_S36	0.0918391	0.0668374	0.070514	0.0619269	0.0805482	0.0888289	0.0664856	0.07346	0.0581435	0.0726736	0.22882	0.24453	0.223831	0.0969359	0.0710625	0.0777512	0.0745036	0.0675683	0.0693355	0.0509034	0.0532983	0.0583997	0.0628789	0.0679113	0.0771621	0.0462937	0.0673646	0.0480251	0.0564677	0.066083	0.0815553	0.065383	0.0794951	0.079335	0.0679772	0	0.0536944	0.0466693	0.0543692	0.0400544	0.0718773	0.058841	0.0689891	0.0748479	0.251483	0.122197	0.0895619	0.0571578	0.121633	0.101213	0.0560017	0.0550525	0.235963	0.0584624	0.0595238	0.0723975	0.0570424	0.0632654	0.0657113	0.0606165	0.190549	0.0650733	0.077985	0.0901708	0.053619	0.0489043	0.050598	0.0877212	0.0632604	0.0561266	0.0511479	0.0564462	0.104186	0.057631	0.0858396	0.0876066	0.0825821	0.0602783	0.0809762	0.0679147	0.0693928	0.064137	0.0649514	0.0612522	0.068969	0.075894	0.078039	0.119589	0.0703258	0.0702468	0.544712
HC_C2_ss2_S37	0.082982	0.0725373	0.0644861	0.0558521	0.0815162	0.0947008	0.0583834	0.0732598	0.0703016	0.062702	0.220964	0.236402	0.215471	0.0928706	0.0630735	0.0882199	0.082874	0.0662597	0.0591475	0.0574742	0.0548835	0.0568531	0.0670188	0.073622	0.0872458	0.0470165	0.0683497	0.056773	0.0651331	0.0597225	0.0721297	0.0707481	0.0697502	0.0743566	0.0653568	0.0536944	0	0.0470495	0.0477296	0.0535037	0.0814265	0.0654687	0.0639737	0.0624517	0.243156	0.119725	0.0956524	0.0616901	0.111173	0.0983625	0.0621254	0.0653647	0.228145	0.0539947	0.0543787	0.0640127	0.054465	0.055481	0.0530181	0.0578156	0.181572	0.0788627	0.0818596	0.0783291	0.0544888	0.0532321	0.0556139	0.0915339	0.0526274	0.0492925	0.056236	0.0447654	0.0943464	0.0502172	0.086847	0.0903564	0.0691528	0.0524283	0.0688478	0.0550586	0.0561017	0.056072	0.0599268	0.0527781	0.06116	0.0619557	0.0678186	0.115814	0.0624945	0.0622414	0.539874
HC_C2_ss3_S38	0.0845625	0.0630146	0.0651813	0.0530853	0.0751077	0.0833261	0.0589129	0.064946	0.0573003	0.0714246	0.233105	0.248583	0.227443	0.0881107	0.0640684	0.0740532	0.0732801	0.062884	0.0644419	0.0547792	0.0517555	0.0552924	0.0671302	0.0663661	0.0741666	0.0418021	0.0620013	0.05422	0.0626696	0.0581533	0.0707842	0.0600838	0.0666695	0.0678191	0.0578983	0.0466693	0.0470495	0	0.0421263	0.0449642	0.0792303	0.0607832	0.0691955	0.0663355	0.255355	0.114712	0.0847186	0.0540883	0.112473	0.0926122	0.0567109	0.0616908	0.240263	0.0536011	0.0511516	0.0641063	0.0551586	0.0562622	0.0572943	0.0579748	0.193836	0.0648903	0.0720027	0.0780515	0.0443912	0.0430204	0.0486728	0.0837729	0.053184	0.0421942	0.0455735	0.0448225	0.0959795	0.0532932	0.0769346	0.0920174	0.0725366	0.0530093	0.0720084	0.0618052	0.0606614	0.060537	0.0569031	0.0530947	0.0588244	0.0663066	0.067095	0.113066	0.0595225	0.0658378	0.537909
HC_C2_ss4_S39	0.0847901	0.0645146	0.0642515	0.0521858	0.0711316	0.0825667	0.0558865	0.0645764	0.0605868	0.0722534	0.23259	0.247645	0.226866	0.0851263	0.0558192	0.0779339	0.0766	0.0593811	0.0604998	0.0643108	0.0542596	0.0574407	0.0719343	0.0698666	0.0775843	0.0495284	0.0661712	0.0577924	0.0690224	0.0574164	0.0687632	0.0615155	0.0602885	0.0677286	0.0545069	0.0543692	0.0477296	0.0421263	0	0.0514022	0.0857568	0.0661237	0.0721848	0.0613716	0.254907	0.111062	0.083578	0.0533154	0.110875	0.0944694	0.0590053	0.0659025	0.239608	0.0567588	0.0557344	0.0624247	0.056485	0.055224	0.0550277	0.0578848	0.192726	0.0664038	0.0750817	0.0739651	0.0470616	0.0463748	0.0508065	0.0815996	0.0504236	0.0435334	0.0487515	0.046083	0.0926123	0.0569573	0.0749125	0.0921872	0.067027	0.0507965	0.0673848	0.060142	0.0569071	0.0573827	0.0548186	0.0517348	0.0554854	0.0602166	0.0634541	0.113666	0.0582727	0.0632637	0.536106
HC_C2_ss5_S40	0.0972945	0.0707492	0.0727196	0.0639942	0.0832927	0.0882105	0.0671674	0.0759012	0.0536367	0.0726178	0.228169	0.243812	0.223605	0.101298	0.0711539	0.0738193	0.0760384	0.0713889	0.0718907	0.0522873	0.0521518	0.0580435	0.0590303	0.0685566	0.0746495	0.0491481	0.0676307	0.0395801	0.0550061	0.0680515	0.0833701	0.0623382	0.0790685	0.0810625	0.0694647	0.0400544	0.0535037	0.0449642	0.0514022	0	0.0740433	0.0612915	0.07185	0.0753717	0.250942	0.126486	0.0901644	0.058012	0.127401	0.104444	0.0569902	0.0532313	0.235466	0.059973	0.0600134	0.0750049	0.0589461	0.0649121	0.0675768	0.0617705	0.189676	0.0637001	0.0812435	0.0920054	0.0501563	0.0476308	0.0489731	0.0895234	0.0631087	0.0551938	0.0507847	0.0542369	0.111105	0.0588163	0.0881037	0.0859245	0.0833843	0.0616018	0.0840826	0.073578	0.0702496	0.0676621	0.0681894	0.0634832	0.0689918	0.0779868	0.0797624	0.124125	0.0700848	0.0736111	0.545693
HC_C3_ss1_S41	0.120584	0.105521	0.104605	0.0951187	0.11733	0.111347	0.103707	0.110038	0.0891785	0.0950319	0.230403	0.243549	0.227348	0.132063	0.105976	0.09093	0.0835993	0.0947349	0.0960408	0.0864747	0.0923122	0.101764	0.0716319	0.0868972	0.0947275	0.0804806	0.0977529	0.0840349	0.0753803	0.0909245	0.110281	0.0870959	0.102775	0.112345	0.102348	0.0718773	0.0814265	0.0792303	0.0857568	0.0740433	0	0.0504044	0.0730523	0.099751	0.2528	0.156318	0.120387	0.0911489	0.138919	0.123332	0.083244	0.0770393	0.236476	0.0789942	0.0841067	0.100827	0.080998	0.0875211	0.0895877	0.0856384	0.193961	0.102266	0.115814	0.123522	0.0934983	0.0882992	0.090953	0.123415	0.0978203	0.0914725	0.0904966	0.0877006	0.124127	0.0819949	0.124178	0.0936887	0.100182	0.0858981	0.103447	0.0920708	0.0961965	0.0897374	0.0914475	0.0879065	0.0890071	0.100164	0.098925	0.135089	0.0867404	0.0850112	0.555156
HC_C3_ss2_S42	0.0984387	0.0856426	0.0891926	0.0752623	0.0987504	0.0981121	0.0846107	0.0896482	0.0790662	0.0811959	0.227534	0.24215	0.223675	0.109149	0.0866811	0.0805098	0.0714583	0.0729807	0.078599	0.0728189	0.077463	0.0846018	0.0654262	0.0752153	0.0816672	0.0610879	0.0818303	0.0696001	0.0678961	0.0689815	0.0881145	0.0735817	0.0826681	0.0921862	0.0836362	0.058841	0.0654687	0.0607832	0.0661237	0.0612915	0.0504044	0	0.0650392	0.084281	0.25032	0.134981	0.101958	0.0703223	0.120982	0.103165	0.0688491	0.0647808	0.234499	0.0610213	0.0649362	0.0785683	0.0615607	0.0681777	0.0700649	0.0682261	0.191421	0.084013	0.0951814	0.0999011	0.0735632	0.0687026	0.0721252	0.10379	0.0816886	0.0724864	0.0714817	0.069354	0.105054	0.0684415	0.102252	0.0936258	0.0804951	0.0671495	0.0844914	0.0733382	0.0728749	0.0685776	0.0704497	0.066825	0.0689824	0.0795541	0.0776903	0.117318	0.0706095	0.0675346	0.546582
HC_C3_ss3_S43	0.103378	0.0951474	0.095379	0.0729594	0.106737	0.117887	0.0829873	0.100039	0.0848313	0.0657896	0.209164	0.223979	0.2061	0.117414	0.0859265	0.0979494	0.0952537	0.0868149	0.0762141	0.0731064	0.0728874	0.0751181	0.0760434	0.0916148	0.104322	0.0688182	0.0829326	0.0759183	0.0660994	0.0729594	0.0956232	0.088846	0.0891343	0.100068	0.0869599	0.0689891	0.0639737	0.0691955	0.0721848	0.07185	0.0730523	0.0650392	0	0.0785699	0.231998	0.139488	0.11173	0.0779204	0.128374	0.122245	0.0794333	0.0736072	0.216084	0.072757	0.0747731	0.0867774	0.0712238	0.0787157	0.0710578	0.0798128	0.175345	0.0981205	0.106373	0.0965337	0.0804108	0.0774646	0.0812857	0.114857	0.071499	0.0770438	0.0824623	0.0736864	0.101109	0.064721	0.108649	0.0861544	0.0792886	0.0715503	0.082125	0.0657533	0.0816572	0.0733146	0.0843945	0.0738815	0.081804	0.0826307	0.0881661	0.130148	0.0823739	0.0644422	0.542582
HC_C3_ss4_S44	0.0820631	0.0678838	0.058878	0.0650822	0.066665	0.0891621	0.066049	0.06454	0.077596	0.0801938	0.243043	0.258774	0.237095	0.0783013	0.0574892	0.0804041	0.0827655	0.0668582	0.0731675	0.0782614	0.0759614	0.0771514	0.0900402	0.0810172	0.0864497	0.0720636	0.0646348	0.0782054	0.0893596	0.0694638	0.0650966	0.076133	0.0572553	0.0651241	0.0592817	0.0748479	0.0624517	0.0663355	0.0613716	0.0753717	0.099751	0.084281	0.0785699	0	0.26527	0.0939992	0.0794494	0.0652689	0.0981172	0.0901216	0.0723189	0.0807788	0.250543	0.0717487	0.0687015	0.0672909	0.0738934	0.0656097	0.0639046	0.0725263	0.202687	0.0831955	0.0764411	0.0732537	0.0662767	0.0655751	0.0686381	0.0759254	0.0600693	0.0606233	0.0679042	0.0611866	0.0808558	0.0637733	0.0687492	0.10716	0.0591995	0.0612834	0.0577634	0.0678163	0.0644887	0.065155	0.0633178	0.0588248	0.0622497	0.0607061	0.0659464	0.105657	0.0653474	0.0692973	0.53541
HC_C3_ss5_S45	0.273596	0.284506	0.268014	0.252149	0.282073	0.295715	0.250793	0.27983	0.264545	0.225399	0.0407836	0.034905	0.0464723	0.28796	0.251553	0.282411	0.278342	0.269261	0.247776	0.24378	0.244293	0.244789	0.24311	0.266579	0.291961	0.253071	0.266051	0.250071	0.238056	0.261071	0.269405	0.270056	0.27376	0.281243	0.267063	0.251483	0.243156	0.255355	0.254907	0.250942	0.2528	0.25032	0.231998	0.26527	0	0.313376	0.295221	0.258988	0.302651	0.297184	0.263038	0.25669	0.0353251	0.246721	0.253047	0.259321	0.247036	0.258882	0.253613	0.253006	0.0766026	0.278243	0.276957	0.264465	0.257644	0.262758	0.257557	0.285363	0.248207	0.25561	0.261038	0.248642	0.271399	0.246944	0.288252	0.233743	0.26164	0.253198	0.261032	0.239441	0.260747	0.25579	0.269032	0.26208	0.269026	0.263147	0.270232	0.305743	0.266058	0.249197	0.576109
